23.438	0.00166
46.875	0.00412
70.313	0.00170
93.750	0.00124
117.188	0.00270
140.625	0.00205
164.063	0.00134
187.500	0.00079
210.938	0.00245
234.375	0.00182
257.813	0.00263
281.250	0.00131
304.688	0.00120
328.125	0.00058
351.563	0.00208
375.000	0.00233
398.438	0.00067
421.875	0.00264
445.313	0.00090
468.750	0.00107
492.188	0.00160
515.625	0.00012
539.063	0.00169
562.500	0.00117
585.938	0.00022
609.375	0.00283
632.813	0.00126
656.250	0.00127
679.688	0.00109
703.125	0.00106
726.563	0.00207
750.000	0.00100
773.438	0.00118
796.875	0.00028
820.313	0.00031
843.750	0.00064
867.188	0.00017
890.625	0.00163
914.063	0.00131
937.500	0.00038
960.938	0.00106
984.375	0.00026
1007.813	0.00036
1031.250	0.00022
1054.688	0.00036
1078.125	0.00032
1101.563	0.00175
1125.000	0.00059
1148.438	0.00058
1171.875	0.00032
1195.313	0.00060
1218.750	0.00060
1242.188	0.00032
1265.625	0.00054
1289.063	0.00069
1312.500	0.00195
1335.938	0.00121
1359.375	0.00147
1382.813	0.00234
1406.250	0.00343
1429.688	0.02325
1453.125	0.00599
1476.563	0.00148
1500.000	0.00187
1523.438	0.00141
1546.875	0.00237
1570.313	0.00037
1593.750	0.00096
1617.188	0.00081
1640.625	0.00059
1664.063	0.00080
1687.500	0.00042
1710.938	0.00062
1734.375	0.00069
1757.813	0.00108
1781.250	0.00130
1804.688	0.00534
1828.125	0.00215
1851.563	0.00085
1875.000	0.00078
1898.438	0.00072
1921.875	0.00048
1945.313	0.00072
1968.750	0.00079
1992.188	0.00086
2015.625	0.00117
2039.063	0.00135
2062.500	0.00476
2085.938	0.00215
2109.375	0.00177
2132.813	0.00076
2156.250	0.00062
2179.688	0.00047
2203.125	0.00041
2226.563	0.00030
2250.000	0.00012
2273.438	0.00007
2296.875	0.00014
2320.313	0.00012
2343.750	0.00057
2367.188	0.00300
2390.625	0.00191
2414.063	0.00042
2437.500	0.00047
2460.938	0.00039
2484.375	0.00057
2507.813	0.00057
2531.250	0.00061
2554.688	0.00077
2578.125	0.00086
2601.563	0.00089
2625.000	0.00105
2648.438	0.00150
2671.875	0.00315
2695.313	0.00346
2718.750	0.00120
2742.188	0.00168
2765.625	0.00254
2789.063	0.00303
2812.500	0.00472
2835.938	0.00829
2859.375	0.03521
2882.813	0.01769
2906.250	0.00752
2929.688	0.00478
2953.125	0.00375
2976.563	0.00350
3000.000	0.00201
3023.438	0.00131
3046.875	0.00153
3070.313	0.00146
3093.750	0.00137
3117.188	0.00131
3140.625	0.00112
3164.063	0.00097
3187.500	0.00091
3210.938	0.00086
3234.375	0.00066
3257.813	0.00048
3281.250	0.00042
3304.688	0.00048
3328.125	0.00508
3351.563	0.00291
3375.000	0.00214
3398.438	0.00147
3421.875	0.00132
3445.313	0.00118
3468.750	0.00103
3492.188	0.00129
3515.625	0.00096
3539.063	0.00117
3562.500	0.00075
3585.938	0.00093
3609.375	0.00076
3632.813	0.00086
3656.250	0.00112
3679.688	0.00219
3703.125	0.00308
3726.563	0.00128
3750.000	0.00102
3773.438	0.00107
3796.875	0.00099
3820.313	0.00076
3843.750	0.00074
3867.188	0.00097
3890.625	0.00112
3914.063	0.00107
3937.500	0.00102
3960.938	0.00104
3984.375	0.00130
4007.813	0.00132
4031.250	0.00171
4054.688	0.00333
4078.125	0.00243
4101.563	0.00104
4125.000	0.00250
4148.438	0.00229
4171.875	0.00261
4195.313	0.00319
4218.750	0.00386
4242.188	0.00550
4265.625	0.00915
4289.063	0.02853
4312.500	0.02600
4335.938	0.00894
4359.375	0.00542
4382.813	0.00405
4406.250	0.00318
4429.688	0.00260
4453.125	0.00345
4476.563	0.00166
4500.000	0.00063
4523.438	0.00184
4546.875	0.00161
4570.313	0.00147
4593.750	0.00137
4617.188	0.00133
4640.625	0.00128
4664.063	0.00120
4687.500	0.00120
4710.938	0.00110
4734.375	0.00112
4757.813	0.00105
4781.250	0.00109
4804.688	0.00115
4828.125	0.00135
4851.563	0.00204
4875.000	0.00006
4898.438	0.00060
4921.875	0.00064
4945.313	0.00074
4968.750	0.00068
4992.188	0.00076
5015.625	0.00080
5039.063	0.00084
5062.500	0.00085
5085.938	0.00078
5109.375	0.00082
5132.813	0.00080
5156.250	0.00079
5179.688	0.00089
5203.125	0.00092
5226.563	0.00096
5250.000	0.00110
5273.438	0.00213
5296.875	0.00110
5320.313	0.00074
5343.750	0.00102
5367.188	0.00086
5390.625	0.00097
5414.063	0.00101
5437.500	0.00106
5460.938	0.00111
5484.375	0.00111
5507.813	0.00123
5531.250	0.00135
5554.688	0.00144
5578.125	0.00155
5601.563	0.00192
5625.000	0.00224
5648.438	0.00282
5671.875	0.00354
5695.313	0.00563
5718.750	0.01484
5742.188	0.02543
5765.625	0.00618
5789.063	0.00383
5812.500	0.00256
5835.938	0.00188
5859.375	0.00162
5882.813	0.00121
5906.250	0.00108
5929.688	0.00098
5953.125	0.00087
5976.563	0.00072
6000.000	0.00061
6023.438	0.00058
6046.875	0.00055
6070.313	0.00053
6093.750	0.00056
6117.188	0.00051
6140.625	0.00054
6164.063	0.00090
6187.500	0.00040
6210.938	0.00038
6234.375	0.00049
6257.813	0.00034
6281.250	0.00039
6304.688	0.00026
6328.125	0.00030
6351.563	0.00033
6375.000	0.00036
6398.438	0.00032
6421.875	0.00027
6445.313	0.00037
6468.750	0.00027
6492.188	0.00037
6515.625	0.00035
6539.063	0.00020
6562.500	0.00028
6585.938	0.00029
6609.375	0.00030
6632.813	0.00018
6656.250	0.00029
6679.688	0.00031
6703.125	0.00013
6726.563	0.00023
6750.000	0.00031
6773.438	0.00030
6796.875	0.00032
6820.313	0.00042
6843.750	0.00032
6867.188	0.00041
6890.625	0.00039
6914.063	0.00034
6937.500	0.00034
6960.938	0.00050
6984.375	0.00051
7007.813	0.00046
7031.250	0.00058
7054.688	0.00059
7078.125	0.00071
7101.563	0.00103
7125.000	0.00178
7148.438	0.00323
7171.875	0.01956
7195.313	0.00202
7218.750	0.00109
7242.188	0.00069
7265.625	0.00039
7289.063	0.00036
7312.500	0.00026
7335.938	0.00021
7359.375	0.00019
7382.813	0.00015
7406.250	0.00008
7429.688	0.00003
7453.125	0.00005
7476.563	0.00018
7500.000	0.00005
7523.438	0.00006
7546.875	0.00016
7570.313	0.00009
7593.750	0.00009
7617.188	0.00017
7640.625	0.00006
7664.063	0.00016
7687.500	0.00010
7710.938	0.00025
7734.375	0.00026
7757.813	0.00027
7781.250	0.00026
7804.688	0.00022
7828.125	0.00009
7851.563	0.00018
7875.000	0.00028
7898.438	0.00030
7921.875	0.00034
7945.313	0.00031
7968.750	0.00017
7992.188	0.00023
8015.625	0.00023
8039.063	0.00034
8062.500	0.00025
8085.938	0.00021
8109.375	0.00023
8132.813	0.00030
8156.250	0.00024
8179.688	0.00029
8203.125	0.00031
8226.563	0.00036
8250.000	0.00038
8273.438	0.00030
8296.875	0.00034
8320.313	0.00031
8343.750	0.00038
8367.188	0.00037
8390.625	0.00037
8414.063	0.00042
8437.500	0.00042
8460.938	0.00040
8484.375	0.00042
8507.813	0.00042
8531.250	0.00039
8554.688	0.00045
8578.125	0.00074
8601.563	0.00989
8625.000	0.00050
8648.438	0.00027
8671.875	0.00025
8695.313	0.00027
8718.750	0.00028
8742.188	0.00033
8765.625	0.00032
8789.063	0.00036
8812.500	0.00027
8835.938	0.00027
8859.375	0.00016
8882.813	0.00035
8906.250	0.00024
8929.688	0.00027
8953.125	0.00036
8976.563	0.00039
9000.000	0.00035
9023.438	0.00040
9046.875	0.00031
9070.313	0.00034
9093.750	0.00049
9117.188	0.00036
9140.625	0.00037
9164.063	0.00036
9187.500	0.00042
9210.938	0.00020
9234.375	0.00034
9257.813	0.00037
9281.250	0.00040
9304.688	0.00039
9328.125	0.00040
9351.563	0.00028
9375.000	0.00038
9398.438	0.00042
9421.875	0.00035
9445.313	0.00032
9468.750	0.00040
9492.188	0.00032
9515.625	0.00023
9539.063	0.00023
9562.500	0.00034
9585.938	0.00034
9609.375	0.00039
9632.813	0.00032
9656.250	0.00028
9679.688	0.00028
9703.125	0.00033
9726.563	0.00043
9750.000	0.00029
9773.438	0.00037
9796.875	0.00034
9820.313	0.00035
9843.750	0.00036
9867.188	0.00037
9890.625	0.00046
9914.063	0.00035
9937.500	0.00037
9960.938	0.00060
9984.375	0.00073
