23.438	0.00387
46.875	0.00760
70.313	0.00127
93.750	0.00151
117.188	0.00052
140.625	0.00154
164.063	0.00291
187.500	0.00408
210.938	0.00192
234.375	0.00141
257.813	0.00349
281.250	0.00164
304.688	0.00047
328.125	0.00278
351.563	0.00265
375.000	0.00594
398.438	0.01286
421.875	0.00124
445.313	0.00076
468.750	0.00032
492.188	0.00072
515.625	0.00106
539.063	0.00151
562.500	0.00104
585.938	0.00099
609.375	0.00015
632.813	0.00086
656.250	0.00061
679.688	0.00055
703.125	0.00056
726.563	0.00020
750.000	0.00052
773.438	0.00033
796.875	0.00047
820.313	0.00045
843.750	0.00055
867.188	0.00070
890.625	0.00060
914.063	0.00028
937.500	0.00030
960.938	0.00041
984.375	0.00035
1007.813	0.00015
1031.250	0.00028
1054.688	0.00021
1078.125	0.00066
1101.563	0.00031
1125.000	0.00048
1148.438	0.00078
1171.875	0.00042
1195.313	0.00040
1218.750	0.00041
1242.188	0.00092
1265.625	0.00112
1289.063	0.00070
1312.500	0.00063
1335.938	0.00089
1359.375	0.00073
1382.813	0.00067
1406.250	0.00084
1429.688	0.00089
1453.125	0.00072
1476.563	0.00105
1500.000	0.00107
1523.438	0.00114
1546.875	0.00105
1570.313	0.00164
1593.750	0.00169
1617.188	0.00222
1640.625	0.00235
1664.063	0.00312
1687.500	0.00845
1710.938	0.02378
1734.375	0.01719
1757.813	0.00610
1781.250	0.00345
1804.688	0.00240
1828.125	0.00188
1851.563	0.00176
1875.000	0.00144
1898.438	0.00144
1921.875	0.00098
1945.313	0.00082
1968.750	0.00051
1992.188	0.00071
2015.625	0.00066
2039.063	0.00063
2062.500	0.00066
2085.938	0.00078
2109.375	0.00044
2132.813	0.00091
2156.250	0.00023
2179.688	0.00063
2203.125	0.00034
2226.563	0.00043
2250.000	0.00046
2273.438	0.00051
2296.875	0.00043
2320.313	0.00061
2343.750	0.00031
2367.188	0.00051
2390.625	0.00014
2414.063	0.00015
2437.500	0.00038
2460.938	0.00055
2484.375	0.00036
2507.813	0.00060
2531.250	0.00019
2554.688	0.00014
2578.125	0.00025
2601.563	0.00030
2625.000	0.00025
2648.438	0.00010
2671.875	0.00014
2695.313	0.00033
2718.750	0.00026
2742.188	0.00010
2765.625	0.00019
2789.063	0.00040
2812.500	0.00055
2835.938	0.00035
2859.375	0.00010
2882.813	0.00050
2906.250	0.00046
2929.688	0.00052
2953.125	0.00009
2976.563	0.00033
3000.000	0.00021
3023.438	0.00045
3046.875	0.00028
3070.313	0.00023
3093.750	0.00003
3117.188	0.00039
3140.625	0.00011
3164.063	0.00031
3187.500	0.00051
3210.938	0.00028
3234.375	0.00039
3257.813	0.00062
3281.250	0.00014
3304.688	0.00072
3328.125	0.00054
3351.563	0.00083
3375.000	0.00080
3398.438	0.00159
3421.875	0.00368
3445.313	0.02165
3468.750	0.00276
3492.188	0.00131
3515.625	0.00104
3539.063	0.00091
3562.500	0.00072
3585.938	0.00054
3609.375	0.00064
3632.813	0.00059
3656.250	0.00065
3679.688	0.00069
3703.125	0.00031
3726.563	0.00040
3750.000	0.00045
3773.438	0.00037
3796.875	0.00063
3820.313	0.00060
3843.750	0.00044
3867.188	0.00049
3890.625	0.00042
3914.063	0.00038
3937.500	0.00031
3960.938	0.00048
3984.375	0.00284
4007.813	0.00006
4031.250	0.00008
4054.688	0.00009
4078.125	0.00038
4101.563	0.00026
4125.000	0.00024
4148.438	0.00043
4171.875	0.00016
4195.313	0.00031
4218.750	0.00023
4242.188	0.00034
4265.625	0.00044
4289.063	0.00032
4312.500	0.00040
4335.938	0.00234
4359.375	0.00048
4382.813	0.00037
4406.250	0.00016
4429.688	0.00023
4453.125	0.00049
4476.563	0.00040
4500.000	0.00040
4523.438	0.00033
4546.875	0.00040
4570.313	0.00027
4593.750	0.00047
4617.188	0.00026
4640.625	0.00056
4664.063	0.00043
4687.500	0.00055
4710.938	0.00077
4734.375	0.00063
4757.813	0.00065
4781.250	0.00065
4804.688	0.00044
4828.125	0.00064
4851.563	0.00059
4875.000	0.00067
4898.438	0.00074
4921.875	0.00084
4945.313	0.00079
4968.750	0.00109
4992.188	0.00115
5015.625	0.00162
5039.063	0.00156
5062.500	0.00207
5085.938	0.00257
5109.375	0.00351
5132.813	0.00629
5156.250	0.03050
5179.688	0.01042
5203.125	0.00442
5226.563	0.00260
5250.000	0.00203
5273.438	0.00165
5296.875	0.00136
5320.313	0.00120
5343.750	0.00078
5367.188	0.00083
5390.625	0.00088
5414.063	0.00059
5437.500	0.00038
5460.938	0.00061
5484.375	0.00124
5507.813	0.00048
5531.250	0.00041
5554.688	0.00033
5578.125	0.00046
5601.563	0.00009
5625.000	0.00044
5648.438	0.00034
5671.875	0.00047
5695.313	0.00025
5718.750	0.00011
5742.188	0.00025
5765.625	0.00009
5789.063	0.00007
5812.500	0.00015
5835.938	0.00046
5859.375	0.00060
5882.813	0.00353
5906.250	0.00150
5929.688	0.00098
5953.125	0.00067
5976.563	0.00053
6000.000	0.00052
6023.438	0.00046
6046.875	0.00049
6070.313	0.00055
6093.750	0.00021
6117.188	0.00037
6140.625	0.00060
6164.063	0.00041
6187.500	0.00028
6210.938	0.00063
6234.375	0.00028
6257.813	0.00051
6281.250	0.00096
6304.688	0.00787
6328.125	0.00139
6351.563	0.00075
6375.000	0.00048
6398.438	0.00043
6421.875	0.00044
6445.313	0.00030
6468.750	0.00038
6492.188	0.00046
6515.625	0.00046
6539.063	0.00046
6562.500	0.00041
6585.938	0.00053
6609.375	0.00050
6632.813	0.00031
6656.250	0.00071
6679.688	0.00040
6703.125	0.00062
6726.563	0.00135
6750.000	0.00519
6773.438	0.00220
6796.875	0.00244
6820.313	0.00274
6843.750	0.00440
6867.188	0.00969
6890.625	0.02809
6914.063	0.00552
6937.500	0.00290
6960.938	0.00220
6984.375	0.00149
7007.813	0.00107
7031.250	0.00086
7054.688	0.00103
7078.125	0.00087
7101.563	0.00053
7125.000	0.00042
7148.438	0.00041
7171.875	0.00018
7195.313	0.00230
7218.750	0.00065
7242.188	0.00052
7265.625	0.00083
7289.063	0.00022
7312.500	0.00030
7335.938	0.00055
7359.375	0.00041
7382.813	0.00065
7406.250	0.00025
7429.688	0.00043
7453.125	0.00031
7476.563	0.00026
7500.000	0.00036
7523.438	0.00035
7546.875	0.00053
7570.313	0.00039
7593.750	0.00061
7617.188	0.00101
7640.625	0.00367
7664.063	0.00203
7687.500	0.00108
7710.938	0.00053
7734.375	0.00026
7757.813	0.00007
7781.250	0.00048
7804.688	0.00042
7828.125	0.00017
7851.563	0.00029
7875.000	0.00004
7898.438	0.00013
7921.875	0.00015
7945.313	0.00019
7968.750	0.00021
7992.188	0.00037
8015.625	0.00036
8039.063	0.00085
8062.500	0.00069
8085.938	0.00126
8109.375	0.00398
8132.813	0.00645
8156.250	0.00197
8179.688	0.00115
8203.125	0.00064
8226.563	0.00047
8250.000	0.00089
8273.438	0.00049
8296.875	0.00048
8320.313	0.00061
8343.750	0.00023
8367.188	0.00070
8390.625	0.00060
8414.063	0.00016
8437.500	0.00037
8460.938	0.00035
8484.375	0.00005
8507.813	0.00039
8531.250	0.00043
8554.688	0.00024
8578.125	0.00129
8601.563	0.03797
8625.000	0.00011
8648.438	0.00047
8671.875	0.00072
8695.313	0.00016
8718.750	0.00041
8742.188	0.00076
8765.625	0.00053
8789.063	0.00031
8812.500	0.00059
8835.938	0.00026
8859.375	0.00031
8882.813	0.00019
8906.250	0.00010
8929.688	0.00064
8953.125	0.00034
8976.563	0.00020
9000.000	0.00025
9023.438	0.00050
9046.875	0.00032
9070.313	0.00003
9093.750	0.00013
9117.188	0.00032
9140.625	0.00024
9164.063	0.00017
9187.500	0.00008
9210.938	0.00033
9234.375	0.00025
9257.813	0.00024
9281.250	0.00023
9304.688	0.00021
9328.125	0.00045
9351.563	0.00036
9375.000	0.00049
9398.438	0.00044
9421.875	0.00015
9445.313	0.00013
9468.750	0.00036
9492.188	0.00026
9515.625	0.00043
9539.063	0.00032
9562.500	0.00021
9585.938	0.00020
9609.375	0.00038
9632.813	0.00058
9656.250	0.00019
9679.688	0.00016
9703.125	0.00036
9726.563	0.00022
9750.000	0.00032
9773.438	0.00025
9796.875	0.00024
9820.313	0.00029
9843.750	0.00022
9867.188	0.00044
9890.625	0.00034
9914.063	0.00019
9937.500	0.00048
9960.938	0.00040
9984.375	0.00048
